0.858 0.986
0.856 0.936
0.931 0.886
0.933 0.856
0.976 0.847
0.953 0.822
0.954 0.796
0.788 0.607
0.783 0.558
0.822 0.572
0.837 0.605
0.877 0.672
0.91 0.725
0.94 0.677
0.927 0.638
0.898 0.583
0.915 0.503
0.939 0.38
0.962 0.135
0.906 0.044
0.702 0.186
0.572 0.178
0.586 0.401
0.533 0.517
0.588 0.533
0.586 0.598
0.553 0.606
0.474 0.7
0.546 0.723
0.595 0.698
0.706 0.731
0.647 0.739
0.636 0.798
0.675 0.8
0.688 0.789
0.756 0.859
0.668 0.981
0.612 0.964
0.47 0.954
0.529 0.935
0.498 0.932
0.507 0.922
0.537 0.836
0.489 0.794
0.455 0.813
0.424 0.887
0.376 0.853
0.271 0.941
0.301 0.899
0.227 0.754
0.276 0.746
0.293 0.731
0.351 0.612
0.231 0.551
0.21 0.514
0.207 0.515
0.321 0.343
0.378 0.313
0.401 0.124
0.273 0.094
